[gd_scene load_steps=8 format=3 uid="uid://ciowisqs1ayti"]

[ext_resource type="Script" path="res://scenes/component/velocity_component/velocity_component.gd" id="2_f7crh"]
[ext_resource type="Script" path="res://addons/beehave/nodes/beehave_tree.gd" id="3_nbiee"]
[ext_resource type="PackedScene" uid="uid://d2bm47ir1hhp8" path="res://resources/enemy_model/basic_enemy.glb" id="4_rrorg"]

[sub_resource type="StandardMaterial3D" id="StandardMaterial3D_dm3at"]
albedo_color = Color(1, 0.0588235, 0, 1)
emission_enabled = true
emission = Color(1, 0, 0, 1)
emission_energy_multiplier = 0.5

[sub_resource type="SphereMesh" id="SphereMesh_64u71"]
material = SubResource("StandardMaterial3D_dm3at")
radial_segments = 4
rings = 1

[sub_resource type="SphereShape3D" id="SphereShape3D_mg2do"]
radius = 0.361716

[sub_resource type="SphereShape3D" id="SphereShape3D_2cweo"]
radius = 0.55

[node name="EnemyDrone" type="CharacterBody3D"]
collision_layer = 4
collision_mask = 0

[node name="VelocityComponent" type="Node" parent="."]
script = ExtResource("2_f7crh")

[node name="BeehaveTree" type="Node" parent="."]
script = ExtResource("3_nbiee")

[node name="DroneMesh" parent="." instance=ExtResource("4_rrorg")]

[node name="main_body" parent="DroneMesh/bad_Ship" index="0"]
transform = Transform3D(-0.999907, 0.0127417, 0.00487612, -0.0136429, -0.933861, -0.357376, 3.21306e-08, -0.35741, 0.933948, 0, 0, -0.000967665)

[node name="long_rod_A" parent="DroneMesh/bad_Ship/main_body" index="0"]
transform = Transform3D(-0.279201, -0.460631, -0.842536, 0.889148, 0.20729, -0.407978, 0.362577, -0.863046, 0.351694, 0, 0, 0)

[node name="long_rod_B" parent="DroneMesh/bad_Ship/main_body" index="1"]
transform = Transform3D(-0.383606, 0.488154, 0.783933, -0.489932, 0.611996, -0.620829, -0.782824, -0.622228, 0.00439665, 0, 0, 0)

[node name="small_rod_A" parent="DroneMesh/bad_Ship/main_body" index="2"]
transform = Transform3D(-0.999302, -0.000114305, -0.0373543, -0.00878241, -0.971245, 0.237919, -0.0363074, 0.238081, 0.970566, 0, 0, 0)

[node name="fx_tip_s" parent="DroneMesh/bad_Ship/main_body/small_rod_A" index="0"]
transform = Transform3D(1.01543, 0, 0, 0, 1.01543, 0, 0, 0, 1.01543, 0, 0, -0.00202655)

[node name="small_rod_B" parent="DroneMesh/bad_Ship/main_body" index="3"]
transform = Transform3D(-0.999962, 0.00154584, -0.00859386, 0.0060017, -0.593184, -0.805045, -0.00634221, -0.805066, 0.593152, 0, 0, 0)

[node name="fx_tip_s (1)" parent="DroneMesh/bad_Ship/main_body/small_rod_B" index="0"]
transform = Transform3D(1.02727, 0, 0, 0, 1.02727, 0, 0, 0, 1.02727, 0.000254457, -0.0010523, -0.00658163)

[node name="AnimationPlayer" parent="DroneMesh" index="1"]
autoplay = "idle"

[node name="MeshInstance3D" type="MeshInstance3D" parent="."]
visible = false
mesh = SubResource("SphereMesh_64u71")

[node name="CollisionShape3D" type="CollisionShape3D" parent="."]
shape = SubResource("SphereShape3D_mg2do")

[node name="Hurtbox" type="Area3D" parent="."]
collision_layer = 0
collision_mask = 4

[node name="CollisionShape3D" type="CollisionShape3D" parent="Hurtbox"]
shape = SubResource("SphereShape3D_2cweo")

[editable path="DroneMesh"]
